0000000000000000000000000000000000000000000000000000000000000000
0000000000000000000000000000000000000000000000000000000000000000
0000000000000000000000000000000000000000000000000000000000000000
0000000000000000000000000000000000000000000000000000000000000000
0000000000000000000000000000000000000000000000000000000000000000
0000000000000000000000000000000000000000000000000000000000000000
1000000000000000000000000000000000000000000000000000000000000000
1000000000000000000000000000000000000000000000000000000000000000
0100000000000000000000000000000000000000000000000000000000000000
0011000000000000000000000000000000000000000000000000000000000000
0000100000000000000000000000000000000000000000000000000000000000
0000100000000000000000000000000000000000000000000000000000000000
0000010000000000000000000000000000000000000000000000000000000000
0000001000000000000000000000000000000000000000000000000000000000
0000000110000000000000000000011111111111000000000000000000000111
0000000001110000000000000111100000000000100000000001111111111000
0000000000001111111111111000000000000000011000011110000000000000
0000000000000000000000000000000000000000000111100000000000000000
0000000000000000000000000000000000000000000000000000000000000000
0000000000000000000000000000000000000000000000000000000000000000
0000000000000000000000000000000000000000000000000000000000000000
0000000000000000000000000000000000000000000000000000000000000000
0000000000000000000000000000000000000000000000000000000000000000
0000000000000000000000000000000000000000000000000000000000000000
0000000000000000000000000000000000000000000000000000000000000000
0000000000000000000000000000000000000000000000000000000000000000
0000000000000000000000000000000000000000000000000000000000000000
0000000000000000000000000000000000000000000000000000000000000000
0000000000000000000000000000000000000000000000000000000000000000
0000000000000000000000000000000000000000000000000000000000000000
0000000000000000000000000000000000000000000000000000000000000000
0000000000000000000000000000000000000000000000000000000000000000